-0.058624 0.011139 -0.015198 -0.018524 -0.025452 -0.059265 0.071167 0.070282
0.011475 0.023682 0.028564 0.095886 -0.012140 1811.670400 0.000000 -0.012784
-0.011223 -0.016179 -0.058624 0.011139 -0.015198 -0.018524 -0.025452 -0.059265
0.071167 0.070282 0.011475 0.023682 0.028564 0.095886 -0.012140 0.000000
0.000000 -0.012784 -0.011223 -0.016179 -0.058624 0.011139 -0.015198 -0.018524
-0.025452 -0.059265 0.071167 0.070282 0.011475 0.023682 0.028564 0.095886
-0.012140 0.000000 0.000000 -0.012784 -0.011223 -0.016179 -0.058624 0.011139
-0.015198 -0.018524 -0.025452 -0.059265 0.071167 0.070282 0.011475 0.023682
0.028564 0.095886 -0.012140 0.000000 0.000000 -0.012784 -0.011223 -0.016179
-0.058624 0.011139 -0.015198 -0.018524 -0.025452 -0.059265 0.071167 0.070282
0.011475 0.023682 0.028564 0.095886 -0.012140 0.000000 0.000000 -0.012784
-0.011223 -0.016179 0.042119 0.002979 0.004295 0.042119 0.002979 0.004295
0.042119 0.002979 0.004295 0.042119 0.002979 0.004295 0.042119 0.002979
0.004295 0.042119 0.002979 0.004295 0.042119 0.002979 0.004295 0.042119
0.002979 0.004295 0.042119 0.002979 0.004295 0.042119 0.002979 0.004295
0.042119 0.002979 0.004295 0.042119 0.002979 0.004295 0.042119 0.002979
0.004295 0.042119 0.002979 0.004295 0.042119 0.002979 0.004295 -0.000462
0.007252 0.007252 0.037005 -0.048828 0.002690 0.002022 0.000000 0.001757
0.008384 0.000724 0.000409 70.283862 0.003087 0.070284 -0.001961 -0.005822
-0.005822 0.046595 0.105773 0.102009 0.035558 -0.005822 0.049612 0.030909
-0.005611 0.420863
